#        weight    minuslogpost         gnfw_P0     gnfw_bt_tsz    gnfw_A2h_tsz   minuslogprior minuslogprior__0            chi2       chi2__tsz
             19      -141.98828       6.4063691       4.0267952       1.1834796        7.202519         7.202519      -298.38159      -298.38159
              1      -137.68332       7.8106884       4.9045926       2.1953979        7.202519         7.202519      -289.77168      -289.77168
              7      -141.17395       14.223378       5.5448313       1.7768017        7.202519         7.202519      -296.75294      -296.75294
             19      -141.40128       17.863893       6.2205661       2.3630481        7.202519         7.202519      -297.20759      -297.20759
             11      -141.82706       16.682243       5.9939298       1.1833887        7.202519         7.202519      -298.05915      -298.05915
              3      -141.95518       16.514227       5.9688581       1.2203412        7.202519         7.202519       -298.3154       -298.3154
             14      -142.42099       15.554017       5.8159022       1.4492516        7.202519         7.202519      -299.24702      -299.24702
              2      -142.41995       15.555926       5.8161274       1.4490519        7.202519         7.202519      -299.24494      -299.24494
             21      -142.10789       9.3236802       5.0746521       2.0482671        7.202519         7.202519      -298.62082      -298.62082
              1      -143.42982       7.5996848       4.4211269       1.5433716        7.202519         7.202519      -301.26468      -301.26468
             48      -140.75322       7.0058171       4.5155128       1.5622936        7.202519         7.202519      -295.91148      -295.91148
              5      -141.34721       7.1315769        4.527837       1.5806875        7.202519         7.202519      -297.09946      -297.09946
             17      -143.19493       14.229228       5.6995327       1.7172204        7.202519         7.202519       -300.7949       -300.7949
             16      -142.92246       14.344036       5.6704391       1.7206324        7.202519         7.202519      -300.24996      -300.24996
             21       -143.1893       14.156552       5.7330211       1.6790103        7.202519         7.202519      -300.78364      -300.78364
              9      -142.83517        15.31677       5.8941947       1.7608993        7.202519         7.202519      -300.07539      -300.07539
             19      -142.18135       14.545589       5.9596285       2.1658535        7.202519         7.202519      -298.76775      -298.76775
              8      -142.63052       14.770392       5.9125616        1.891251        7.202519         7.202519      -299.66608      -299.66608
             39      -142.44399       15.703953       6.0666878       2.2915546        7.202519         7.202519      -299.29302      -299.29302
             33      -143.31661       12.573878       5.5378266       1.6665898        7.202519         7.202519      -301.03825      -301.03825
             20      -143.17063       10.684447       5.2664765       1.8576916        7.202519         7.202519       -300.7463       -300.7463
              6      -142.84732       13.009192       5.4721209      0.81704941        7.202519         7.202519      -300.09967      -300.09967
              9      -143.01145       13.205318        5.442325      0.80724864        7.202519         7.202519      -300.42794      -300.42794
             11      -142.82461       11.361249       5.0016577       0.2866949        7.202519         7.202519      -300.05425      -300.05425
              5      -141.95385       11.577013       4.9869863      0.23371361        7.202519         7.202519      -298.31273      -298.31273
              6       -142.3593       13.229924       5.3475056       0.8684723        7.202519         7.202519      -299.12364      -299.12364
             13      -139.50439       16.321528       5.9844957      0.47865998        7.202519         7.202519      -293.41383      -293.41383
              6      -136.95372       16.436452       6.0024267     0.051206751        7.202519         7.202519      -288.31248      -288.31248
             13      -137.21355       16.842946       6.1971081      0.64302883        7.202519         7.202519      -288.83213      -288.83213
             27      -140.51434       15.601048       5.6684328       1.1037809        7.202519         7.202519      -295.43371      -295.43371
              8      -143.61671       12.341943       5.3056975       1.1758873        7.202519         7.202519      -301.63845      -301.63845
             12      -141.61176       12.964668       5.6361015       1.2144121        7.202519         7.202519      -297.62856      -297.62856
              7       -141.4986       12.682392       5.5920288       1.1670508        7.202519         7.202519      -297.40223      -297.40223
             37      -143.72653       7.5193298       4.3532859      0.28531593        7.202519         7.202519      -301.85809      -301.85809
             15       -143.5431       7.4466892        4.352731      0.29965184        7.202519         7.202519      -301.49123      -301.49123
              5      -142.12445       11.960946       5.0753258      0.39231943        7.202519         7.202519      -298.65393      -298.65393
             24      -142.66042       14.399598       5.8857421       2.0678039        7.202519         7.202519      -299.72587      -299.72587
              4      -142.04556       14.616135       5.9718541       2.0922763        7.202519         7.202519      -298.49615      -298.49615
             15      -143.00186       9.6358387       4.6539163      0.38967877        7.202519         7.202519      -300.40875      -300.40875
              4      -142.75142       7.0911002       4.3546435      0.65100156        7.202519         7.202519      -299.90787      -299.90787
             17       -143.8789       8.1614669       4.4766393        1.104639        7.202519         7.202519      -302.16283      -302.16283
             12      -143.51599       8.3031875       4.4715934       1.0527645        7.202519         7.202519      -301.43702      -301.43702
             12      -143.99272       7.4682433       4.2832691      0.26075134        7.202519         7.202519      -302.39048      -302.39048
              6      -143.33461       7.2933359       4.3295648      0.31383991        7.202519         7.202519      -301.07425      -301.07425
              2      -143.13305       11.124108       5.0540888      0.25614468        7.202519         7.202519      -300.67114      -300.67114
             51        -142.915       11.117611       5.0573978      0.18035846        7.202519         7.202519      -300.23504      -300.23504
             56       -143.8725       10.861162       5.0010474      0.84678184        7.202519         7.202519      -302.15003      -302.15003
             15      -143.65047       11.377546       5.0912981       0.6902272        7.202519         7.202519      -301.70599      -301.70599
              6      -143.93423       10.570494       4.9524907      0.62347607        7.202519         7.202519      -302.27351      -302.27351
              8      -141.05798         13.1583       5.6085634        0.797954        7.202519         7.202519      -296.52099      -296.52099
              7      -142.19187       14.179138       5.6434784       0.7613231        7.202519         7.202519      -298.78877      -298.78877
             19      -142.21263       14.109067       5.5036209      0.82056034        7.202519         7.202519      -298.83031      -298.83031
             15      -142.31147       14.330447       5.8567284       1.6702947        7.202519         7.202519      -299.02798      -299.02798
              4      -143.05029       14.690991       5.7759138       1.6920336        7.202519         7.202519      -300.50562      -300.50562
             56       -142.9595       14.748302        5.832985       1.7098431        7.202519         7.202519      -300.32405      -300.32405
             10      -142.98964       14.836856       5.8222686       1.6988057        7.202519         7.202519      -300.38432      -300.38432
             12      -142.93396       7.5370311       4.2658604      0.91990377        7.202519         7.202519      -300.27296      -300.27296
             19      -143.04838       7.6062722       4.2858611      0.92053358        7.202519         7.202519      -300.50179      -300.50179
             16      -143.47411       7.0751571       4.3429095       1.1642325        7.202519         7.202519      -301.35326      -301.35326
             36      -143.19095       7.0955031       4.2291197       1.1634716        7.202519         7.202519      -300.78695      -300.78695
             17      -143.94066       8.0034112       4.4684948        1.192472        7.202519         7.202519      -302.28637      -302.28637
             30      -143.99702       8.7085639       4.6276441       1.3070265        7.202519         7.202519      -302.39907      -302.39907
              5      -143.94707       8.0836505       4.5976174       1.3285491        7.202519         7.202519      -302.29919      -302.29919
              9      -143.94404       9.6764423       4.9863326       1.6548076        7.202519         7.202519      -302.29311      -302.29311
              3      -143.31841       9.6255242       5.0311456       1.6115652        7.202519         7.202519      -301.04186      -301.04186
              2       -143.6575       9.6443522       5.0132282       1.6849276        7.202519         7.202519      -301.72004      -301.72004
             27      -144.17812       10.189923       5.0181329       1.6090516        7.202519         7.202519      -302.76128      -302.76128
             72      -144.17792        10.19139       5.0186942        1.609539        7.202519         7.202519      -302.76087      -302.76087
              4      -144.02748        9.672616       4.9655532       1.4598912        7.202519         7.202519         -302.46         -302.46
             26      -143.87486       8.5873512       4.7444552       1.4965127        7.202519         7.202519      -302.15476      -302.15476
              8      -144.08259       8.4837309       4.6847133       1.4096681        7.202519         7.202519      -302.57022      -302.57022
             20      -142.24988       10.410206       4.8920227       1.5227349        7.202519         7.202519      -298.90479      -298.90479
             11      -141.63509       7.0714903        4.458284        2.369163        7.202519         7.202519      -297.67521      -297.67521
             22      -140.80453       7.1054256       4.4903954       2.6808698        7.202519         7.202519       -296.0141       -296.0141
              1      -140.78625       7.0960802       4.4578947       2.6504699        7.202519         7.202519      -295.97753      -295.97753
              7      -141.25619       13.649343       5.5277737       2.2427418        7.202519         7.202519      -296.91743      -296.91743
              3      -141.32388        13.95652        5.575738        2.214988        7.202519         7.202519       -297.0528       -297.0528
             15      -142.57107       9.1270214       4.6023342       1.1138435        7.202519         7.202519      -299.54718      -299.54718
             14      -143.41822       12.810186       5.3783199       1.1872019        7.202519         7.202519      -301.24148      -301.24148
             44      -143.26887       12.430431       5.2908064      0.72200458        7.202519         7.202519      -300.94277      -300.94277
              1      -142.65397       13.337331       5.4023767       0.6738966        7.202519         7.202519      -299.71298      -299.71298
              2      -142.69933       13.470016       5.4302717      0.76344999        7.202519         7.202519       -299.8037       -299.8037
             82      -142.81957       13.241592        5.398528      0.74317747        7.202519         7.202519      -300.04418      -300.04418
             48      -142.81999       13.237353        5.397301       0.7445308        7.202519         7.202519      -300.04502      -300.04502
              9      -142.44366        15.16903       5.7421355       1.4132539        7.202519         7.202519      -299.29236      -299.29236
             19       -142.6863       15.033953       5.7494188       1.4082088        7.202519         7.202519      -299.77764      -299.77764
              1      -142.91615       14.285194       5.6243297       1.3051807        7.202519         7.202519      -300.23733      -300.23733
             10      -142.76358       10.309455       5.2456019       2.2512887        7.202519         7.202519       -299.9322       -299.9322
             23       -144.2123       9.7090435       4.8995818       1.0134365        7.202519         7.202519      -302.82964      -302.82964
              8      -144.03264        9.856436       4.9226039      0.85775009        7.202519         7.202519      -302.47032      -302.47032
             32      -143.73312       10.321476       4.8604685      0.64709882        7.202519         7.202519      -301.87129      -301.87129
             26      -143.93438       10.146047       4.8475168      0.52813598        7.202519         7.202519      -302.27379      -302.27379
             43      -143.75063       10.606085       4.9371197      0.90750987        7.202519         7.202519      -301.90631      -301.90631
              6      -143.44158       10.536903       5.0908131      0.85844933        7.202519         7.202519       -301.2882       -301.2882
             37      -143.57842       10.795074       5.1508183       1.0191668        7.202519         7.202519      -301.56188      -301.56188
              4      -143.25055       10.742896        5.166656       1.0214136        7.202519         7.202519      -300.90615      -300.90615
             10      -143.95362        11.25551       5.1574619      0.96933203        7.202519         7.202519      -302.31228      -302.31228
              9      -143.94019       11.273082       5.1632186      0.97062766        7.202519         7.202519      -302.28542      -302.28542
             51       -143.9182       9.1640419       4.8785295       1.6635346        7.202519         7.202519      -302.24144      -302.24144
              9      -144.05196       9.5638427       4.9318509       1.3465578        7.202519         7.202519      -302.50895      -302.50895
