#        weight    minuslogpost         gnfw_P0     gnfw_bt_tsz    gnfw_A2h_tsz   minuslogprior minuslogprior__0            chi2       chi2__tsz
             13      -143.99295       10.090828        4.978135       0.9189293        7.202519         7.202519      -302.39093      -302.39093
              1      -144.12237       10.534043       4.9708022      0.88148241        7.202519         7.202519      -302.64977      -302.64977
             13      -144.28721       9.8816603       4.9378821       1.1653086        7.202519         7.202519      -302.97946      -302.97946
             32      -143.28314       9.1798365       4.6366852       1.0548117        7.202519         7.202519      -300.97131      -300.97131
              6      -144.08669        9.285199       4.7079255        1.026338        7.202519         7.202519      -302.57843      -302.57843
             23      -143.45355       8.9051711       4.8016079      0.98740374        7.202519         7.202519      -301.31213      -301.31213
             18      -144.09242       9.2768898       4.7280785       1.1835083        7.202519         7.202519      -302.58987      -302.58987
             15      -144.21294       9.2963105       4.7449944       1.1765985        7.202519         7.202519      -302.83092      -302.83092
             12      -144.34351       9.2288134         4.75209       1.1586691        7.202519         7.202519      -303.09205      -303.09205
              6      -144.37199       9.1912018       4.7535872       1.1550598        7.202519         7.202519      -303.14903      -303.14903
             41      -143.72345       8.9890433       4.8245249        1.174984        7.202519         7.202519      -301.85194      -301.85194
             15      -143.05724       8.7569537       4.8168426       1.1814653        7.202519         7.202519      -300.51952      -300.51952
              6      -143.82409       7.5995833       4.4378379       1.3562956        7.202519         7.202519      -302.05322      -302.05322
             29      -140.85337        6.481762       4.3062536       1.0674556        7.202519         7.202519      -296.11177      -296.11177
              2      -141.43819       5.5462234       3.8172936       1.0573084        7.202519         7.202519      -297.28142      -297.28142
             19      -140.85696        5.736029       3.7943037      0.91045971        7.202519         7.202519      -296.11896      -296.11896
             14      -143.78412       8.0127656       4.4471088       1.1498493        7.202519         7.202519      -301.97328      -301.97328
             10      -142.11144       6.8400057       4.1733746       1.4862834        7.202519         7.202519      -298.62793      -298.62793
              3      -142.24201       6.6868884       4.1580005       1.5167069        7.202519         7.202519      -298.88906      -298.88906
             76      -142.66429       6.4351809        4.178268       1.4540633        7.202519         7.202519      -299.73362      -299.73362
              3      -144.12485       8.6452341       4.6960823       1.0347635        7.202519         7.202519      -302.65474      -302.65474
             46      -144.27995       9.0505031       4.7699006       1.0864138        7.202519         7.202519      -302.96494      -302.96494
             16      -143.87053       8.5822685       4.5681807       1.1671907        7.202519         7.202519       -302.1461       -302.1461
              6      -143.61466       10.712947       4.9452879      0.87535461        7.202519         7.202519      -301.63436      -301.63436
             18        -142.217       13.630349       5.4107709      0.71290375        7.202519         7.202519      -298.83903      -298.83903
             12      -142.24735       13.613385        5.410078      0.71404743        7.202519         7.202519      -298.89973      -298.89973
             22      -142.36333       13.931183       5.5098706      0.64547939        7.202519         7.202519       -299.1317       -299.1317
             20      -140.85704       13.139982       5.5938368      0.69623748        7.202519         7.202519      -296.11912      -296.11912
              3      -141.68542       14.038905       5.7021042      0.86708855        7.202519         7.202519      -297.77587      -297.77587
              8      -143.36431       11.337484       5.2374012      0.93733789        7.202519         7.202519      -301.13366      -301.13366
             26      -141.65144        11.19293       5.2955675      0.84937619        7.202519         7.202519      -297.70792      -297.70792
             16      -143.80835       11.901042       5.2424758       1.0620612        7.202519         7.202519      -302.02174      -302.02174
             11      -143.37392       7.8453383       4.5995223       1.7385796        7.202519         7.202519      -301.15287      -301.15287
              2      -143.34552       7.9663741       4.5815682       1.8843919        7.202519         7.202519      -301.09608      -301.09608
             22      -143.87859       10.660263       5.1695271       1.5184342        7.202519         7.202519      -302.16222      -302.16222
              2      -143.53933       9.3864194       4.9171673       2.1008261        7.202519         7.202519      -301.48369      -301.48369
             43      -143.52289       9.3769377       4.9124813       2.1048033        7.202519         7.202519      -301.45082      -301.45082
              8      -142.36046       15.281658       5.8755376       2.2709493        7.202519         7.202519      -299.12595      -299.12595
             16      -142.53087       15.463577        5.960156       2.3403504        7.202519         7.202519      -299.46679      -299.46679
              3      -141.14759        14.78331       5.7182248       2.3230604        7.202519         7.202519      -296.70021      -296.70021
             21      -142.15607       14.912774       6.0196255        2.298786        7.202519         7.202519      -298.71717      -298.71717
             43      -142.81068       14.704622       5.8947307       2.0121596        7.202519         7.202519       -300.0264       -300.0264
              9      -142.98541       10.898199        4.992494       1.3473912        7.202519         7.202519      -300.37586      -300.37586
             15      -143.77222       10.898282       5.0472335       1.3709914        7.202519         7.202519      -301.94947      -301.94947
              2      -144.02292       10.142375       5.0518459       1.4159923        7.202519         7.202519      -302.45088      -302.45088
              8      -142.43823       12.084365       5.4129874      0.94516247        7.202519         7.202519       -299.2815       -299.2815
             24      -143.23811        11.46501       5.2876221       1.0504335        7.202519         7.202519      -300.88126      -300.88126
             10      -144.08547       9.7633051       4.9153067       1.6463885        7.202519         7.202519      -302.57597      -302.57597
             15      -143.83141       9.8100671       4.8857552       1.6336506        7.202519         7.202519      -302.06785      -302.06785
             23       -143.0203       7.6443906       4.5630239       1.3395987        7.202519         7.202519      -300.44564      -300.44564
             31      -143.22761       6.6605323       4.2180129      0.99138834        7.202519         7.202519      -300.86025      -300.86025
             59      -142.55092       5.9480217       3.9760528      0.96080933        7.202519         7.202519      -299.50688      -299.50688
             13      -142.60894        6.411378       4.0307768      0.98872898        7.202519         7.202519      -299.62293      -299.62293
             23      -142.96305         6.30119       4.0898389       1.0465129        7.202519         7.202519      -300.33114      -300.33114
             20      -142.16503        6.842616       4.0987621       1.0128494        7.202519         7.202519       -298.7351       -298.7351
             12      -143.76834       7.4133855       4.2962041      0.92316265        7.202519         7.202519      -301.94171      -301.94171
            101      -143.81206       7.1088327       4.2745603      0.94869439        7.202519         7.202519      -302.02916      -302.02916
             20      -144.10701       7.6914372       4.4350251       1.0089593        7.202519         7.202519      -302.61906      -302.61906
             38      -144.13184       9.6080339       4.8206519      0.63484338        7.202519         7.202519      -302.66872      -302.66872
              8      -143.68868       9.3185242       4.7737833      0.41652942        7.202519         7.202519      -301.78239      -301.78239
             10      -143.54154       9.1896365       4.7555393      0.38636997        7.202519         7.202519      -301.48812      -301.48812
             10      -140.12539       9.3578643       4.9547396      0.48376157        7.202519         7.202519      -294.65581      -294.65581
             28      -143.21942       14.107881       5.6644975       1.5095048        7.202519         7.202519      -300.84389      -300.84389
             28      -143.23452       13.984874       5.6316709       1.5631987        7.202519         7.202519      -300.87408      -300.87408
             37      -143.32183       13.728549       5.5950168       1.5995173        7.202519         7.202519      -301.04869      -301.04869
              3      -142.63962       13.556493       5.7038571       1.4958755        7.202519         7.202519      -299.68427      -299.68427
             35      -141.26103       17.175021       6.1797623       1.3303953        7.202519         7.202519       -296.9271       -296.9271
              2      -140.91427       17.090248       6.2059659       1.3474739        7.202519         7.202519      -296.23358      -296.23358
              3       -141.5798        17.33013       6.1335384       1.2904942        7.202519         7.202519      -297.56463      -297.56463
              6      -141.67517        16.63362       6.1140127       1.4255745        7.202519         7.202519      -297.75539      -297.75539
             10      -141.49049       18.082558       6.2587353        1.488643        7.202519         7.202519      -297.38602      -297.38602
              3      -142.06846       17.245604       6.1267699       1.6696593        7.202519         7.202519      -298.54196      -298.54196
             19       -142.2388       16.697488       6.0488551       1.5866986        7.202519         7.202519      -298.88265      -298.88265
             35      -142.06286       16.615363       5.9758797       1.5083497        7.202519         7.202519      -298.53075      -298.53075
              6      -142.48932       15.319653       5.7867975       1.5736313        7.202519         7.202519      -299.38368      -299.38368
              9       -142.6429       15.230638       5.9217647       1.6649654        7.202519         7.202519      -299.69084      -299.69084
             15      -141.68155       16.832365       6.2234121       1.8516365        7.202519         7.202519      -297.76813      -297.76813
              6      -142.26379       16.816174       6.0894561       1.9776904        7.202519         7.202519      -298.93261      -298.93261
              6      -142.54489        16.04859       5.9800601       1.6793089        7.202519         7.202519      -299.49482      -299.49482
              2      -142.21265       17.042054       6.1325893       1.7989122        7.202519         7.202519      -298.83035      -298.83035
              8      -142.20984       17.047775       6.1340875       1.7981881        7.202519         7.202519      -298.82473      -298.82473
              5      -142.18179       17.127515       6.1308335       1.8187456        7.202519         7.202519      -298.76861      -298.76861
             19      -142.19231       16.208375       5.9312719       1.3086534        7.202519         7.202519      -298.78965      -298.78965
             58      -142.16577       15.966559       5.8981951       1.1837882        7.202519         7.202519      -298.73658      -298.73658
              5       -141.0212       15.728742       5.7276403       1.3041135        7.202519         7.202519      -296.44743      -296.44743
             27        -142.615       15.687654       5.9910751       1.8250904        7.202519         7.202519      -299.63503      -299.63503
              4      -142.87359       15.145245       5.8846103        1.769519        7.202519         7.202519      -300.15221      -300.15221
             14      -142.92203       11.737637       5.4701949       1.9011322        7.202519         7.202519      -300.24909      -300.24909
             15      -143.08923       11.658921       5.4500942       1.9745721        7.202519         7.202519      -300.58349      -300.58349
             19      -142.73814       13.635829       5.6801434       2.4409899        7.202519         7.202519      -299.88131      -299.88131
             19       -141.1635       14.435744       6.0403423       2.4029269        7.202519         7.202519      -296.73204      -296.73204
             12       -142.1939       11.326282       5.3045098        2.716473        7.202519         7.202519      -298.79284      -298.79284
             26      -140.04257       11.781251        5.195563       2.3780528        7.202519         7.202519      -294.49019      -294.49019
              1        -141.016       11.906511       5.2526874        2.379944        7.202519         7.202519      -296.43703      -296.43703
             17      -142.60547       11.302902       5.4212562       1.9282157        7.202519         7.202519      -299.61598      -299.61598
             10      -143.86722       10.790588       5.1599949       1.9205609        7.202519         7.202519      -302.13947      -302.13947
             19      -143.53907       11.453098       5.2296968       1.9187481        7.202519         7.202519      -301.48317      -301.48317
             60      -143.51337       11.628349       5.3997596       2.0671824        7.202519         7.202519      -301.43178      -301.43178
             14      -142.88504       12.135486       5.3909108       2.3275917        7.202519         7.202519      -300.17512      -300.17512
            118      -143.00771       11.045157       5.3407024       2.4776391        7.202519         7.202519      -300.42045      -300.42045
